kinematics:
  shoulder:
    x: 0
    y: 0
    z: 0.1521279453523494
    roll: -0
    pitch: 0
    yaw: 2.041466800294101e-08
  upper_arm:
    x: -0.000126490720455529
    y: 0
    z: 0
    roll: 1.570319637987853
    pitch: 0
    yaw: -3.505034055612523e-07
  forearm:
    x: -0.2438505136709801
    y: 0
    z: 0
    roll: 3.14155051985654
    pitch: 3.140466803531021
    yaw: -7.084894948754381e-06
  wrist_1:
    x: -0.2135185211425481
    y: 0.0004846921902928406
    z: 0.1314220698336163
    roll: 3.137904612506837
    pitch: -3.140656470281812
    yaw: -1.537537853229302e-08
  wrist_2:
    x: -1.154600175010752e-05
    y: -0.08547949008565842
    z: -2.708491974536627e-05
    roll: 1.571113185480083
    pitch: 0
    yaw: 8.04165597882711e-07
  wrist_3:
    x: -9.775976460195503e-05
    y: 0.09224742740592033
    z: -0.0001459608408510609
    roll: 1.569214052652985
    pitch: 3.141592653589793
    yaw: 3.141592618528382
  hash: calib_18117822752032744163