kinematics:
  shoulder:
    x: 0
    y: 0
    z: 0.151982148052407
    roll: -0
    pitch: 0
    yaw: -1.252186961134272e-07
  upper_arm:
    x: -0.000117751414108642
    y: 0
    z: 0
    roll: 1.570529532239682
    pitch: 0
    yaw: 6.651065255205953e-06
  forearm:
    x: -0.2438301105845021
    y: 0
    z: 0
    roll: 3.140422330317566
    pitch: 3.140175127557685
    yaw: 3.141557960492696
  wrist_1:
    x: -0.2130137298406746
    y: -0.0008374574461011085
    z: 0.131604615239527
    roll: 0.006363349347924476
    pitch: 0.00401697960892016
    yaw: 4.539196023121239e-06
  wrist_2:
    x: 6.007850950088259e-06
    y: -0.08542863254646067
    z: -8.597162561949335e-05
    roll: 1.571802682556826
    pitch: 0
    yaw: -2.655106245398608e-06
  wrist_3:
    x: -5.693288443582482e-05
    y: 0.09218998896546257
    z: -4.447305315826958e-05
    roll: 1.570313920297103
    pitch: 3.141592653589793
    yaw: 3.141592540005369
  hash: calib_15656952713550414269