kinematics:
  shoulder:
    x: 0
    y: 0
    z: 0.1519932046329507
    roll: -0
    pitch: 0
    yaw: -1.218598534562937e-07
  upper_arm:
    x: -0.000133574490397829
    y: 0
    z: 0
    roll: 1.571184054925294
    pitch: 0
    yaw: 3.46931133972767e-07
  forearm:
    x: -0.2436650957547605
    y: 0
    z: 0
    roll: 3.141429134391114
    pitch: 3.1413007534876
    yaw: 3.141585104530758
  wrist_1:
    x: -0.2131937361714605
    y: -0.0007020488731425266
    z: 0.1309164554311118
    roll: 0.00536252025231981
    pitch: 0.0008389012176466991
    yaw: 6.286415122585481e-06
  wrist_2:
    x: 8.773921560453022e-06
    y: -0.08546373128392754
    z: -7.049413943712751e-05
    roll: 1.571621169361338
    pitch: 0
    yaw: -1.170707376603464e-06
  wrist_3:
    x: -0.0001118912945880604
    y: 0.09206143807114163
    z: -0.0001405802282309842
    roll: 1.569269301778692
    pitch: 3.141592653589793
    yaw: -3.141592499182456
  hash: calib_7896003446683457052