kinematics:
  shoulder:
    x: 0
    y: 0
    z: 0.1519047144003236
    roll: -0
    pitch: 0
    yaw: -9.530599491829224e-08
  upper_arm:
    x: -0.0001107110555958654
    y: 0
    z: 0
    roll: 1.570329613154402
    pitch: 0
    yaw: 3.417864421477842e-06
  forearm:
    x: -0.2437259737936491
    y: 0
    z: 0
    roll: 0.001105848958660876
    pitch: 0.0006034712402559254
    yaw: -4.507836367124921e-06
  wrist_1:
    x: -0.2132584137315163
    y: -0.0004232381093861393
    z: 0.1311440944208638
    roll: 0.003227264192714675
    pitch: 0.0009285627531319139
    yaw: 7.543943465429524e-07
  wrist_2:
    x: 0.000165700073623267
    y: -0.08547162011592442
    z: -0.0001881112192972863
    roll: 1.572997184989922
    pitch: 0
    yaw: 1.978861212743183e-06
  wrist_3:
    x: -9.449984879160511e-05
    y: 0.09209752452678489
    z: -9.62025620790864e-05
    roll: 1.569751754450705
    pitch: 3.141592653589793
    yaw: 3.141592261980481
  hash: calib_2954753171256876401